日付,支給申請件数,累計支給申請件数,支給決定件数,累計支給決定件数,支給決定額,累計支給決定額
~4/17,985,985,60,60,0.25161596,0.25161596
4/18~4/24,1556,2541,222,282,1.16720915,1.41882511
4/25~5/1,2578,5119,240,522,1.42586377,2.84468888
5/2~5/8,5415,10534,2565,3087,7.74315785,10.58784673
5/9~5/15,11058,21592,6171,9258,29.44098483,40.02883156
5/16~5/22,17593,39185,10177,19435,51.02936714,91.0581987
5/23~5/29,33711,72896,15931,35366,92.61871583,183.6769145
5/24~6/5,45772,118668,24976,60342,141.4452471,325.1221616
6/6~6/12,46011,164679,32274,92616,238.4147681,563.5369298
6/13~6/19,52019,216698,39682,132298,359.9432571,923.4801869
6/20~6/26,64768,281466,47154,179452,439.0270769,1362.507264
6/27~7/3,79719,361185,53079,232531,447.427479,1809.934743
7/4~7/10,82748,443933,74471,307002,755.7708762,2565.705619
7/11~7/17,79556,523489,84822,391824,938.1365642,3503.842183
7/18~7/24,48647,572136,65975,457799,731.8846724,4235.726856
7/25~7/31,90111,662247,90663,548462,1616.045631,5851.772487
8/1~8/7,80310,742557,82625,631087,1548.044517,7399.817004
8/8~8/14,64697,807254,65038,696125,1215.661571,8615.478574
8/15~8/21,77609,884863,81508,777633,1325.787427,9941.266002
8/22~8/28,124001,1008864,88599,866232,973.2840254,10914.55003
8/29～9/4,110022,1118886,91983,958215,1445.815943,12360.36597
9/5～9/11,79240,1198126,100363,1058578,1085.567616,13445.93359
9/12~9/18,77094,1275220,94096,1152674,1037.158641,14483.09223
9/19~9/25,52559,1327779,55337,1208011,782.4828896,15265.57512
9/26~10/2,131395,1459174,92635,1300646,1147.85171,16413.42683
10/3~10/9,87284,1546458,102175,1402821,1157.48899,17570.91582
10/10~10/16,81305,1627763,101174,1503995,1045.6801,18616.59592
10/17~10/23,67660,1695423,91252,1595247,872.2376701,19488.83359
10/24~10/30,72552,1767975,80448,1675695,870.4296548,20359.26324
10/31~11/6,59589,1827564,64933,1740628,691.1682985,21050.43154
11/7~11/13,60274,1887838,74249,1814877,841.8367757,21892.26832
11/14~11/20,54549,1942387,64740,1879617,669.3248107,22561.59313
11/21~11/27,51530,1993917,48874,1928491,404.0362488,22965.62938
11/28~12/4,70600,2064517,61811,1990302,559.7212185,23525.35059
12/5~12/11,55224,2119741,62222,2052524,480.714583,24006.06518
12/12~12/18,53353,2173094,59706,2112230,631.1528562,24637.21803
12/19~12/25,58084,2231178,57386,2169616,455.9629386,25093.18097
12/26~1/1,17132,2248310,9841,2179457,81.56738969,25174.74836
1/2~1/8,63008,2311318,57385,2236842,558.1718179,25732.92018
1/9~1/15,51994,2363312,49507,2286349,308.8155222,26041.7357
1/16~1/22,63170,2426482,68466,2354815,526.9865509,26568.72225
1/23~1/29,71900,2498382,66271,2421086,537.8494064,27106.57166
1/30~2/5,68652,2567034,68086,2489172,551.707456,27658.27911
2/6~2/12,52120,2619154,58698,2547870,551.4854453,28209.76456
2/13~2/19,62658,2681812,69626,2617496,572.9598093,28782.72437
2/20~2/26,62544,2744356,52619,2670115,415.1996834,29197.92405
2/27~3/5,80494,2824850,66930,2737045,482.0353607,29679.95941
3/6~3/12,71342,2896192,68265,2805310,598.8817407,30278.84115
3/13~3/19,66357,2962549,65366,2870676,511.6996053,30790.54076
3/20~3/26,66614,3029163,62139,2932815,481.1790104,31271.71977
3/27~3/31,49485,3078648,34586,2967401,283.319341,31555.03911
4/1~4/9,95007,3173655,77642,3045043,612.3904857,32167.4296
4/10~4/16,63481,3237136,62553,3107596,449.6156356,32617.04523
4/17~4/23,58771,3295907,66991,3174587,556.665379,33173.71061
4/24~4/30,67098,3363005,59094,3233681,512.6650673,33686.37568
5/1~5/7,43484,3406489,29932,3263613,307.0344209,33993.4101
5/8~5/14,90749,3497238,77134,3340747,618.4108494,34611.82095
5/15~5/21,72508,3569746,80238,3420985,678.7714782,35290.59243
5/22~5/28,74075,3643821,80073,3501058,722.1902478,36012.78267
5/29~6/4,84484,3728305,77311,3578369,656.5218065,36669.30448
6/5~6/11,61586,3789891,73422,3651791,607.300595,37276.60508
6/12~6/18,54719,3844610,68132,3719923,549.7138403,37826.31892
6/19~6/25,56561,3901171,63342,3783265,535.3005905,38361.61951
6/26~7/2,74236,3975407,63081,3846346,464.1985446,38825.81805
7/3~7/9,64955,4040362,61505,3907851,470.5706746,39296.38873
7/10~7/16,61204,4101566,62872,3970723,529.3634145,39825.75214
7/17~7/23,39591,4141157,42947,4013670,299.2889516,40125.04109
7/24~7/30,82683,4223840,68476,4082146,580.8391838,40705.88028
7/31~8/6,76507,4300347,64915,4147061,539.6731336,41245.55341
8/7~8/13,52454,4352801,52285,4199346,488.9244134,41734.47782
8/14~8/20,55189,4407990,67697,4267043,589.2992041,42323.77703
8/21~8/27,64542,4472532,70880,4337923,537.3591882,42861.13622
8/28~9/3,78387,4550919,74588,4412511,620.2106137,43481.34683
9/4~9/10,66391,4617310,73190,4485701,584.1325968,44065.47943
9/11~9/17,62702,4680012,73921,4559622,588.9304704,44654.4099
9/18~9/24,41819,4721831,42003,4601625,326.1789689,44980.58887
9/25~10/1,82331,4804162,73263,4674888,528.9099135,45509.49878
10/2~10/8,75332,4879494,75732,4750620,492.0812415,46001.58002
10/9~10/15,65250,4944744,75798,4826418,538.3164074,46539.89643
10/16~10/22,61347,5006091,75200,4901618,551.232627,47091.12905
10/23~10/29,67550,5073641,69202,4970820,454.890914,47546.01997
10/30~11/5,60032,5133673,57753,5028573,448.7571244,47994.77709
11/6~11/12,61527,5195200,71684,5100257,518.8990589,48513.67615
11/13~11/19,56295,5251495,67496,5167753,536.0139831,49049.69013
11/20~11/26,48677,5300172,52246,5219999,363.9581385,49413.64827
11/27~12/3,74678,5374850,66085,5286084,521.1145305,49934.7628
12/4~12/10,55238,5430088,67208,5353292,527.721191,50462.48399
12/11~12/17,49724,5479812,62999,5416291,414.4019988,50876.88599
12/18~12/24,52775,5532587,59347,5475638,460.4957467,51337.38174
12/25~12/31,27224,5559811,22769,5498407,200.2813892,51537.66313
1/1~1/7,48617,5608428,43753,5542160,337.2979383,51874.96107
1/8~1/14,45267,5653695,46370,5588530,322.8595462,52197.82061
1/15~1/21,50015,5703710,56781,5645311,365.8345633,52563.65518
1/22~1/28,52760,5756470,55162,5700473,334.3998071,52898.05498
1/29~2/4,56264,5812734,52940,5753413,323.3894269,53221.44441
2/5~2/11,37148,5849882,39682,5793095,248.6513223,53470.09573
2/12~2/18,44055,5893937,46855,5839950,253.1671296,53723.26286
2/19~2/25,40255,5934192,35763,5875713,188.2383476,53911.50121
2/26~3/4,64205,5998397,45462,5921175,251.950934,54163.45214
3/5~3/11,55115,6053512,50807,5971982,277.7249396,54441.17708
3/12~3/18,50949,6104461,50185,6022167,268.366244,54709.54333
3/19~3/25,42395,6146856,38233,6060400,196.5705725,54906.1139
3/26~3/31,52652,6199508,33548,6093948,137.7559665,55043.86987
4/1~4/8,69985,6269493,56088,6150036,365.3008562,55409.17072
4/9~4/15,50330,6319823,53200,6203236,270.8029335,55679.97366
4/16~4/22,50018,6369841,56974,6260210,268.8281766,55948.80183
4/23~4/29,47424,6417265,44335,6304545,286.5116522,56235.31349
4/30~5/6,30011,6447276,22617,6327162,122.2522683,56357.56575
5/7~5/13,55396,6502672,53075,6380237,313.2199264,56670.78568
5/14~5/20,46121,6548793,53977,6434214,283.929793,56954.71547
5/21~5/27,45152,6593945,54027,6488241,324.2377666,57278.95324
5/28~6/3,55480,6649425,53599,6541840,299.5708146,57578.52405
6/4~6/10,38560,6687985,51478,6593318,301.2341311,57879.75819
6/11~6/17,35463,6723448,50752,6644070,279.5049874,58159.26317
6/18~6/24,33452,6756900,43355,6687425,215.0107588,58374.27393
6/25~7/1,44756,6801656,42897,6730322,220.8641885,58595.13812
7/2~7/8,38069,6839725,43339,6773661,238.2489922,58833.38711
7/9~7/15,33044,6872769,42352,6816013,218.2467168,59051.63383
7/16~7/22,27547,6900316,30272,6846285,158.3362961,59209.97013
7/23~7/29,42041,6942357,38780,6885065,174.3705672,59384.34069
7/30~8/5,40033,6982390,39720,6924785,190.7175669,59575.05826
8/6~8/12,26925,7009315,28438,6953223,151.0773687,59726.13563
